#navi2_location_acserver:

/**:
  ros__parameters:
    image: set_edu_map.pgm
    resolution: 0.050000
    origin: [-50.000000, -50.000000, 0.000000]
    negate: 0
    occupied_thresh: 0.65
    free_thresh: 0.196
    
    location_list:
      start: [-0.17285063263893963, 0.05501209125471018, -0.013974641000918428, 0.9999023499366803]
      right_side: [-0.21333113161339756, -0.9721098839204974, 0.7205882067318526, -0.6933632787500164]
      behind_back_right_circle: [-2.8335670556541563, -1.7716662018081017, -0.003844772801183227, 0.9999926088337391]
      behind_right_circle: [3.677126316633827, -1.3938376047006515, -0.6727828952667704, -0.7398399663687154]
      left_circle: [2.480263249956315, 1.2952462562712506, -0.6540853882978409, -0.7564207194513267]
